      0/99     1.19G   0.07538   0.01925         0   0.09463         2       640  0.007098       0.2  0.002703  0.000398    0.1027   0.02136         0
      1/99     6.84G   0.06393   0.01632         0   0.08025         4       640   0.05427      0.04  0.006877 0.0008096   0.09465   0.01848         0
      2/99     8.46G   0.05974   0.01377         0   0.07351         3       640   0.03969      0.24   0.01611   0.00288    0.0973   0.01539         0
      3/99     8.46G   0.05402   0.01218         0    0.0662         0       640   0.03535      0.32   0.01986  0.002772   0.08571   0.01505         0
      4/99     8.48G   0.05316   0.01178         0   0.06493        10       640   0.05872      0.44   0.03519  0.006574   0.08179   0.01426         0
      5/99     8.48G   0.05084   0.01066         0    0.0615         5       640    0.1082      0.44    0.0639   0.01651   0.08548   0.01276         0
      6/99     8.48G   0.04872  0.009846         0   0.05856         6       640     0.132      0.36   0.06954   0.02381   0.08446   0.01214         0
      7/99     8.48G   0.04877  0.009385         0   0.05815         4       640    0.2278       0.4    0.1347   0.04805   0.08275   0.01192         0
      8/99     8.48G   0.04798  0.008433         0   0.05641         6       640     0.284      0.56    0.2162    0.0833   0.07718   0.01176         0
      9/99     8.48G   0.04502  0.008433         0   0.05346         5       640    0.3239    0.4985    0.2497     0.093   0.07729   0.01171         0
     10/99     8.48G    0.0494  0.008163         0   0.05756         5       640    0.2526      0.52    0.1919   0.08921   0.08213   0.01128         0
     11/99     8.48G   0.04346  0.007853         0   0.05132         3       640    0.2972      0.52    0.2489    0.1398   0.08197   0.01103         0
     12/99     8.48G   0.04162  0.008486         0    0.0501         4       640    0.2918      0.52    0.2499    0.1368   0.07979   0.01101         0
     13/99     8.49G   0.04241  0.008599         0   0.05101         5       640    0.3519      0.72       0.4     0.226   0.07742   0.01133         0
     14/99     8.49G   0.03435  0.007238         0   0.04159         4       640    0.3394      0.72    0.3444    0.1366    0.0778   0.01111         0
     15/99     8.49G   0.04305  0.007346         0   0.05039         4       640    0.3281    0.8398    0.3345    0.1643   0.07469   0.01137         0
     16/99     8.49G   0.03887  0.006948         0   0.04582         1       640    0.3633       0.8    0.4007    0.1907   0.06939   0.01181         0
     17/99     8.49G   0.03785  0.007196         0   0.04504         9       640    0.4833    0.6737    0.4869    0.1479   0.07701   0.01101         0
     18/99     8.49G   0.03703  0.006905         0   0.04393         3       640    0.4741      0.68    0.4735    0.1639   0.08053   0.01069         0
     19/99     8.49G   0.04783   0.00681         0   0.05464         6       640    0.4134       0.8    0.4541    0.2307   0.07908   0.01059         0
     20/99     8.49G   0.04082  0.006953         0   0.04777         4       640    0.4725      0.56     0.437    0.1927   0.07629   0.01071         0
     21/99     8.49G   0.03418  0.006493         0   0.04067         2       640    0.5754       0.6    0.5177    0.2976   0.07413    0.0108         0
     22/99     8.49G    0.0417  0.006238         0   0.04794         6       640    0.4793    0.7366    0.4954    0.2034   0.07482   0.01069         0
     23/99     8.49G   0.04273  0.007046         0   0.04978         6       640    0.4369      0.72    0.4666    0.2683   0.08046    0.0103         0
     24/99     8.49G   0.03922   0.00621         0   0.04543         7       640    0.4236      0.64    0.4114    0.1363   0.08593  0.009527         0
     25/99     8.49G   0.04079  0.005479         0   0.04627         6       640    0.6486      0.56     0.556    0.2725    0.0824  0.009526         0
     26/99     8.49G   0.04089  0.006361         0   0.04725         5       640    0.5291    0.6744     0.622    0.3819   0.07709   0.01019         0
     27/99     8.49G   0.03471  0.006426         0   0.04114         4       640    0.6931    0.6327    0.6807    0.4509   0.07265   0.01023         0
     28/99     8.49G   0.04039  0.006795         0   0.04718         7       640    0.7775     0.559    0.6458    0.3294   0.07313   0.01038         0
     29/99     8.49G   0.03432  0.006299         0   0.04062         5       640    0.7638      0.52    0.5992    0.3788   0.07103   0.01042         0
     30/99     8.49G   0.03681  0.005835         0   0.04264         6       640    0.6154      0.72     0.675    0.4396   0.06696   0.01053         0
     31/99     8.49G   0.03667  0.005939         0   0.04261         4       640    0.6782      0.68    0.6761    0.4739   0.06437   0.01049         0
     32/99     8.49G   0.03902  0.006379         0   0.04539        10       640    0.6346      0.64    0.5515    0.2155   0.07351  0.009939         0
     33/99     8.49G   0.04327  0.005923         0   0.04919         4       640    0.6428      0.72    0.6768    0.4457   0.06844    0.0109         0
     34/99     8.49G   0.03043  0.005868         0    0.0363         1       640    0.7259    0.6356    0.7023    0.4687   0.06587   0.01051         0
     35/99     8.49G   0.03585  0.006017         0   0.04186         6       640    0.5997    0.7191    0.6398    0.3993   0.06707   0.01019         0
     36/99     8.49G   0.03907  0.005892         0   0.04496         6       640    0.7027    0.7565     0.729    0.3973   0.07104  0.009981         0
     37/99     8.49G   0.03161  0.005955         0   0.03756         6       640    0.7075      0.68    0.6862     0.364   0.07014  0.009982         0
     38/99     8.49G   0.03834  0.005984         0   0.04432         3       640    0.9368       0.6    0.6773    0.4145   0.07123    0.0098         0
     39/99     8.49G    0.0412  0.005879         0   0.04708         5       640    0.8214      0.56    0.6803    0.4081   0.07198  0.009638         0
     40/99     8.49G   0.04504  0.005642         0   0.05068         5       640    0.6795    0.6785    0.7127    0.4316   0.07034   0.01003         0
     41/99     8.49G   0.04147  0.005773         0   0.04725         5       640    0.7699      0.72    0.7424    0.4221   0.06815   0.01011         0
     42/99     8.49G   0.03794  0.005872         0   0.04381         6       640    0.8686      0.56    0.7176     0.482   0.06793   0.01005         0
     43/99     8.49G    0.0361  0.006136         0   0.04224         8       640    0.5549       0.8    0.6876    0.4294   0.07366  0.009582         0
     44/99     8.49G   0.04362   0.00533         0   0.04895         3       640    0.5658      0.68    0.6223    0.2956   0.07533  0.008959         0
     45/99     8.49G   0.04026  0.005882         0   0.04614        10       640     0.497      0.84     0.678    0.4526     0.071  0.009219         0
     46/99     8.49G   0.03744  0.006151         0   0.04359         3       640    0.7136       0.6    0.6564     0.431   0.06974   0.01013         0
     47/99     8.49G    0.0306  0.005808         0   0.03641         3       640    0.6515    0.5984    0.6054    0.4513   0.06883   0.01044         0
     48/99     8.49G   0.03087  0.005492         0   0.03636         6       640    0.7436       0.6    0.6414    0.4716   0.07079   0.01024         0
     49/99     8.49G   0.03128  0.005817         0    0.0371         6       640    0.7764      0.56    0.6578    0.4574   0.06998   0.01044         0
     50/99     8.49G   0.03158  0.005293         0   0.03688         2       640    0.7494       0.6    0.6874     0.412   0.06961   0.01026         0
     51/99     8.49G   0.03665  0.005688         0   0.04234        11       640    0.7133       0.6    0.6942    0.4918   0.06716   0.01069         0
     52/99     8.49G   0.03282  0.005911         0   0.03873         7       640       0.6      0.72    0.6949    0.4802   0.06345   0.01089         0
     53/99     8.49G   0.02939  0.005688         0   0.03508         6       640    0.6206    0.7199    0.6995    0.4989   0.06194   0.01092         0
     54/99     8.49G   0.02796  0.005643         0    0.0336         8       640    0.8315       0.6    0.6973     0.481   0.06523   0.01066         0
     55/99     8.49G    0.0309  0.005176         0   0.03608         7       640    0.8329       0.6     0.702    0.4821   0.06942    0.0102         0
     56/99     8.49G   0.03078  0.005153         0   0.03593         6       640     0.708    0.6789    0.7012    0.5127   0.07115   0.01022         0
     57/99     8.49G   0.02963  0.005322         0   0.03495         2       640    0.7893       0.6    0.6737    0.5181    0.0733   0.01001         0
     58/99     8.49G   0.02423  0.005254         0   0.02949         7       640    0.9331      0.56    0.6755    0.5104   0.07571  0.009577         0
     59/99     8.49G   0.02878  0.005158         0   0.03394         7       640    0.9361       0.6    0.7216     0.543   0.07259  0.009622         0
     60/99     8.49G   0.02845  0.004555         0     0.033         5       640    0.9374    0.5995    0.7336    0.5783   0.07147   0.01006         0
     61/99     8.49G   0.03051  0.005058         0   0.03557         6       640    0.9339       0.6    0.7346    0.5732   0.07177  0.009968         0
     62/99     8.49G   0.03586  0.004799         0   0.04066         3       640    0.7384      0.68    0.7381    0.5622   0.06962   0.01049         0
     63/99     8.49G   0.03253  0.004851         0   0.03738         6       640    0.7825    0.7196    0.7446      0.57   0.06742   0.01082         0
     64/99     8.49G   0.03278  0.004629         0   0.03741         4       640    0.7826      0.72    0.7543    0.5715   0.06689   0.01088         0
     65/99     8.49G   0.02746   0.00471         0   0.03217         4       640    0.7826    0.7199    0.7659    0.5537   0.06704   0.01068         0
     66/99     8.49G   0.03051   0.00501         0   0.03552         5       640    0.7306      0.76    0.7793    0.5555   0.06665   0.01039         0
     67/99     8.49G   0.02677  0.004598         0   0.03137         5       640     0.791      0.76    0.7897    0.5788   0.06606   0.01027         0
     68/99     8.49G   0.02672  0.004678         0    0.0314         3       640    0.9467      0.72    0.8138    0.6078   0.06647   0.01021         0
     69/99     8.49G   0.02913  0.004656         0   0.03379         3       640    0.9994      0.72    0.8253    0.6347   0.06597  0.009924         0
     70/99     8.49G    0.0272  0.004143         0   0.03134         5       640     0.947      0.72    0.8478    0.6503   0.06429  0.009768         0
     71/99     8.49G   0.02903  0.004109         0   0.03314         4       640      0.95    0.7598    0.8703    0.6805   0.06352  0.009644         0
     72/99     8.49G   0.02689  0.004043         0   0.03093         6       640    0.9495      0.76    0.8816     0.687   0.06332  0.009429         0
     73/99     8.49G   0.02731  0.004136         0   0.03145         8       640      0.84      0.84    0.8784    0.6893   0.06275  0.009223         0
     74/99     8.49G   0.02774  0.004338         0   0.03208         6       640    0.8636      0.76    0.8652    0.6798   0.06385  0.009556         0
     75/99     8.49G   0.02861  0.004008         0   0.03262         5       640    0.8636    0.7598    0.8367    0.6609   0.06524  0.009831         0
     76/99     8.49G   0.02864  0.004146         0   0.03279         4       640    0.7997       0.8    0.8179    0.6198   0.06691   0.00982         0
     77/99     8.49G   0.02402  0.004339         0   0.02836         6       640    0.8321     0.793      0.83    0.6246   0.06687   0.00955         0
     78/99     8.49G    0.0224  0.004056         0   0.02646         5       640    0.8399    0.8392    0.8607    0.6588   0.06606  0.009344         0
     79/99     8.49G   0.02275  0.004051         0    0.0268         3       640    0.8147    0.8795    0.8731    0.6649   0.06551  0.008933         0
     80/99     8.49G   0.02541  0.004099         0   0.02951         6       640    0.8744      0.84    0.8831    0.6999    0.0643  0.008703         0
     81/99     8.49G   0.02476  0.003878         0   0.02864         2       640    0.8684       0.8    0.8787    0.7019   0.06372  0.008683         0
     82/99     8.49G   0.02355  0.004285         0   0.02784         4       640    0.8688       0.8    0.8838    0.6988    0.0637  0.008715         0
     83/99     8.49G   0.02837  0.004032         0    0.0324         4       640    0.8694    0.7991    0.8866    0.6905   0.06323  0.009052         0
     84/99     8.49G   0.02349  0.004077         0   0.02757         6       640    0.8694       0.8    0.8806    0.6745   0.06319  0.009016         0
     85/99     8.49G    0.0217  0.004034         0   0.02573         4       640    0.8398      0.84    0.8847    0.6779   0.06291  0.008891         0
     86/99     8.49G   0.02474  0.004053         0    0.0288         2       640         1    0.7197    0.8906    0.6734    0.0631  0.008982         0
     87/99     8.49G   0.02286  0.003569         0   0.02643         6       640     0.909       0.8    0.8963    0.6812   0.06259  0.009087         0
     88/99     8.49G   0.02082  0.003715         0   0.02454         3       640    0.9087       0.8    0.8972    0.6678   0.06214  0.009306         0
     89/99     8.49G   0.02172  0.003507         0   0.02523         4       640    0.8148    0.8799    0.8942    0.6869   0.06208  0.009405         0
     90/99     8.49G   0.02297  0.003582         0   0.02655         3       640      0.95    0.7599    0.8933    0.6624   0.06234  0.009334         0
     91/99     8.49G   0.02103  0.003875         0   0.02491         6       640    0.9999      0.76    0.8888    0.6699   0.06273  0.009374         0
     92/99     8.49G   0.02058  0.003637         0   0.02421         6       640    0.9998      0.76     0.878    0.6605    0.0635  0.009419         0
     93/99     8.49G   0.02103   0.00373         0   0.02476         5       640    0.9123      0.84    0.8751    0.6525   0.06321  0.009509         0
     94/99     8.49G   0.02304  0.003824         0   0.02686         9       640    0.9999      0.76     0.864     0.663   0.06295  0.009765         0
     95/99     8.49G   0.02071  0.003715         0   0.02443         4       640    0.9999      0.76    0.8604    0.6521   0.06275  0.009822         0
     96/99     8.49G   0.02043  0.003829         0   0.02425         7       640    0.9524    0.7997    0.8577     0.648   0.06253  0.009979         0
     97/99     8.49G   0.02142  0.003678         0    0.0251         9       640     0.952       0.8    0.8591    0.6786   0.06213   0.01005         0
     98/99     8.49G   0.02224  0.003693         0   0.02593         4       640         1    0.7992    0.8612    0.6833   0.06197   0.01017         0
     99/99     8.49G   0.02342   0.00352         0   0.02694         7       640    0.9993      0.76    0.8579    0.6564   0.06178   0.01033         0
